DieInfo 1650 1650
TopDiePlacement 0
Inst 1 0 0 109 33
Inst 2 0 0 286 33
Inst 3 0 0 242 33
Inst 4 0 0 94 33
Inst 5 0 0 140 33
Inst 6 0 0 280 33
Inst 7 0 0 65 33
Inst 8 0 0 98 33
Inst 9 0 0 85 33
Inst 10 0 0 96 33
Inst 11 0 0 203 33
Inst 12 0 0 88 33
Inst 13 0 0 110 33
Inst 14 0 0 150 33
Inst 15 0 0 147 33
Inst 16 0 0 67 33
Inst 17 0 0 116 33
Inst 18 0 0 234 33
Inst 19 0 0 380 33
Inst 20 0 0 173 33
Inst 21 0 0 59 33
Inst 22 0 0 336 33
Inst 23 0 0 152 33
Inst 24 0 0 144 33
Inst 25 0 0 105 33
Inst 26 0 0 186 33
Inst 27 0 0 134 33
Inst 28 0 0 61 33
Inst 29 0 0 190 33
Inst 30 0 0 143 33
Inst 31 0 0 92 33
Inst 32 0 0 344 33
Inst 33 0 0 262 33
Inst 34 0 0 76 33
Inst 35 0 0 83 33
Inst 36 0 0 92 33
Inst 37 0 0 115 33
Inst 38 0 0 46 33
Inst 39 0 0 101 33
Inst 40 0 0 94 33
Inst 41 0 0 173 33
Inst 42 0 0 88 33
Inst 43 0 0 148 33
Inst 44 0 0 96 33
Inst 45 0 0 86 33
Inst 46 0 0 93 33
Inst 47 0 0 88 33
Inst 48 0 0 94 33
Inst 49 0 0 78 33
Inst 50 0 0 93 33
Inst 51 0 0 152 33
Inst 52 0 0 141 33
Inst 53 0 0 86 33
Inst 54 0 0 94 33
Inst 55 0 0 140 33
Inst 56 0 0 120 33
Inst 57 0 0 92 33
Inst 58 0 0 78 33
Inst 59 0 0 79 33
Inst 60 0 0 118 33
Inst 61 0 0 112 33
Inst 62 0 0 260 33
Inst 63 0 0 55 33
Inst 64 0 0 118 33
Inst 65 0 0 142 33
Inst 66 0 0 74 33
Inst 67 0 0 382 33
Inst 68 0 0 170 33
Inst 69 0 0 111 33
Inst 70 0 0 184 33
Inst 71 0 0 166 33
Inst 72 0 0 208 33
Inst 73 0 0 123 33
Inst 74 0 0 76 33
Inst 75 0 0 113 33
Inst 76 0 0 222 33
Inst 77 0 0 278 33
Inst 78 0 0 105 33
Inst 79 0 0 134 33
Inst 80 0 0 152 33
Inst 81 0 0 286 33
Inst 82 0 0 102 33
Inst 83 0 0 175 33
Inst 84 0 0 144 33
Inst 85 0 0 286 33
Inst 86 0 0 270 33
Inst 87 0 0 286 33
Inst 88 0 0 61 33
Inst 89 0 0 88 33
Inst 90 0 0 63 33
Inst 91 0 0 89 33
Inst 92 0 0 134 33
Inst 93 0 0 90 33
Inst 94 0 0 234 33
Inst 95 0 0 270 33
Inst 96 0 0 89 33
Inst 97 0 0 238 33
Inst 98 0 0 344 33
Inst 99 0 0 200 33
Inst 100 0 0 123 33
BottomDiePlacement 0
