DieInfo 40391 41394
TopDiePlacement 0
Inst 32012 16916 32538 8613 4323
Inst 39784 21044 26588 5478 7887
Inst 39785 4608 18815 5478 7887
Inst 55552 34946 10929 5445 7887
Inst 55553 19737 32100 5445 7887
Inst 63404 6201 26466 5445 7887
Inst 86866 19061 33247 6402 5742
Inst 86868 30162 12908 8613 4323
Inst 86869 19880 31649 5478 7887
Inst 86870 8941 18600 5445 7887
Inst 94576 7851 31935 6402 5742
Inst 94577 15927 27973 5742 7557
Inst 94578 2585 30571 8613 4323
Inst 94579 18203 21527 5478 7887
Inst 94580 30698 21369 5445 7887
Inst 102140 23881 14134 5478 7887
Inst 102141 19554 27959 5445 7887
Inst 109816 19454 13011 5445 7887
BottomDiePlacement 0
Inst 8466 14429 22849 9120 8208
Inst 8467 0 4569 9120 8208
Inst 16429 22659 18231 8160 10800
Inst 16430 15762 10794 8160 10800
Inst 32011 2617 17186 12336 6192
Inst 63405 10068 18106 7776 11280
Inst 71293 16853 22746 7776 11280
Inst 71294 11581 20996 7776 11280
Inst 86867 0 7265 8160 10800
Inst 102137 6782 7605 9120 8208
Inst 102138 17495 22916 8160 10800
Inst 102139 1089 4156 12336 6192
Inst 109812 0 14196 9120 8208
Inst 109813 17087 11000 8160 10800
Inst 109814 9365 23019 12336 6192
Inst 109815 11429 9432 7824 11280
